static UInt16 font_width_lut[128] =
{
	0,  5,  5,  5,  5,  5,  5,  5,  5,  2,  5,  5,  5,  5,  5,  5,
	5,  5,  5,  5, 11,  5,  8,  8,  6,  5,  8,  5,  5,  5,  5,  5,
	2,  2,  4,  8,  6,  8,  7,  2,  4,  4,  6,  6,  3,  4,  2,  5,
	5,  5,  5,  5,  5,  5,  5,  5,  5,  5,  2,  3,  6,  6,  6,  5,
	8,  5,  5,  5,  6,  4,  4,  6,  6,  2,  4,  6,  5,  8,  6,  7,
	5,  7,  5,  5,  6,  6,  6,  8,  6,  6,  6,  3,  5,  3,  6,  4,
	3,  5,  5,  4,  5,  5,  4,  5,  5,  2,  3,  5,  2,  8,  5,  5,
	5,  5,  4,  4,  4,  5,  5,  6,  6,  6,  4,  4,  2,  4,  7,  5
};
