# s2c [0-9]*  
#   .*$

0F 00 02 00 70 17 00 00
A0 0F 00 00 DC 05 64 00 00 00 00 00 00 00 00 00
00 00 00 00 D0 07 D0 07 08 00 F4 01 00 00 00 00
00 00 00 00 2C 01 2F 00 16 26 80 BB D0 07 2C 01
2F 00 16 26 80 BB D0 07 28 00 02 00 FA 00 A6 00
64 00 00 00 00 00 B8 0B 01 00 7D 00 0A 00 0A 00
0A 00 0A 00 E8 03 C8 00 64 00 E7 03 00 00 B0 04
0C 00 40 00 C4 09 05 18 80 75 80 80 80 80 80 80
00 00 00 00 00 00 00 01 0A 50 75 02 00 00 00 00
00 00 00 00 00 00 00 00 00 00 00 00 70 17 00 00
A0 0F 00 00 DC 05 64 00 00 00 00 00 00 00 00 00
00 00 00 00 D0 07 D0 07 00 00 F4 01 00 00 00 00
00 00 00 00 E6 00 2A 00 F2 2B E0 47 A4 06 E6 00
2A 00 F2 2B E0 47 A4 06 28 00 02 00 FA 00 A6 00
64 00 00 00 00 00 B8 0B 01 00 7D 00 0A 00 0A 00
0A 00 0A 00 E8 03 00 00 64 00 E7 03 00 00 B0 04
0C 00 40 00 C4 09 05 18 80 75 80 80 80 80 80 80
00 00 00 00 00 00 00 00 0A 50 35 02 00 00 00 00
00 00 00 00 00 00 00 00 00 00 00 00 70 17 00 00
A0 0F 00 00 DC 05 64 00 00 00 00 00 00 00 00 00
00 00 00 00 D0 07 D0 07 00 00 F4 01 00 00 00 00
00 00 00 00 E6 00 2A 00 16 26 E0 47 A4 06 E6 00
2A 00 16 26 E0 47 A4 06 28 00 02 00 FA 00 A6 00
64 00 00 00 00 00 B8 0B 01 00 7D 00 0A 00 0A 00
0A 00 0A 00 E8 03 00 00 64 00 E7 03 00 00 B0 04
0C 00 40 00 C4 09 05 18 80 75 80 80 80 80 80 80
00 00 00 00 00 01 00 00 0A 64 35 02 00 00 00 00
00 00 00 00 00 00 00 00 00 00 00 00 70 17 00 00
A0 0F 00 00 DC 05 64 00 00 00 00 00 00 00 00 00
00 00 00 00 D0 07 D0 07 00 00 F4 01 00 00 00 00
00 00 00 00 E6 00 2A 00

16 26 E0 47 A4 06 E6 00
2A 00 16 26 E0 47 A4 06 28 00 02 00 FA 00 A6 00
64 00 00 00 00 00 B8 0B 01 00 7D 00 0A 00 0A 00
0A 00 0A 00 E8 03 00 00 64 00 E7 03 00 00 B0 04
0C 00 40 00 C4 09 05 18 80 75 80 80 80 80 80 80
00 00 00 00 00 00 00 00 0A 50 75 03 00 00 00 00
00 00 00 00 00 00 00 00 00 00 00 00 70 17 00 00
A0 0F 00 00 DC 05 64 00 00 00 00 00 00 00 00 00
00 00 00 00 D0 07 D0 07 00 00 F4 01 00 00 00 00
00 00 00 00 E6 00 2A 00 16 26 E0 47 A4 06 E6 00
2A 00 16 26 E0 47 A4 06 28 00 02 00 FA 00 A6 00
64 00 00 00 00 00 B8 0B 01 00 7D 00 0A 00 0A 00
0A 00 0A 00 E8 03 00 00 64 00 E7 03 00 00 B0 04
0C 00 40 00 C4 09 05 18 80 75 80 80 80 80 80 80
00 00 00 00 00 00 00 00 0A 50 39 06 00 00 00 00
00 00 00 00 00 00 00 00 00 00 00 00 70 17 00 00
A0 0F 00 00 DC 05 64 00 00 00 00 00 00 00 00 00
00 00 00 00 D0 07 D0 07 00 00 F4 01 00 00 00 00
00 00 00 00 E6 00 2A 00 16 26 E0 47 A4 06 E6 00
2A 00 16 26 E0 47 A4 06 28 00 02 00 FA 00 A6 00
64 00 00 00 00 00 B8 0B 01 00 7D 00 0A 00 0A 00
0A 00 0A 00 E8 03 00 00 64 00 E7 03 00 00 B0 04
0C 00 40 00 C4 09 05 18 80 75 80 80 80 80 80 80
00 00 00 00 00 00 00 00 02 50 75 1A 00 00 00 00
00 00 00 00 00 00 00 00 00 00 00 00 70 17 00 00
A0 0F 00 00 DC 05 64 00 00 00 00 00 00 00 00 00
00 00 00 00 D0 07 D0 07 00 00 F4 01 00 00 00 00
00 00 00 00 E6 00 2A 00 16 26 E0 47 A4 06 E6 00
2A 00 16 26 E0 47 A4 06 28 00 02 00 FA 00 A6 00
64 00 00 00 00 00 B8 0B 01 00 7D 00 0A 00 0A 00
0A 00 0A 00 E8 03 00 00

64 00 E7 03 00 00 B0 04
0C 00 40 00 C4 09 05 18 80 75 80 80 80 80 80 80
00 00 00 00 00 00 00 01 0A 50 35 02 00 00 00 00
00 00 00 00 00 00 00 00 00 00 00 00 70 17 00 00
A0 0F 00 00 DC 05 64 00 00 00 00 00 00 00 00 00
00 00 00 00 D0 07 D0 07 00 00 F4 01 00 00 00 00
00 00 00 00 18 01 2F 00 16 26 E0 47 D6 06 18 01
2F 00 16 26 E0 47 D6 06 28 00 02 00 FA 00 A6 00
64 00 00 00 00 00 B8 0B 01 00 7D 00 0A 00 0A 00
0A 00 0A 00 E8 03 00 00 64 00 E7 03 00 00 B0 04
0C 00 40 00 C4 09 05 18 80 75 80 80 80 80 80 80
00 00 00 00 00 00 00 00 0A 54 35 02 00 00 00 00
00 00 00 00 00 00 00 00 00 00 00 00 00 00 00 00
00 00 00 00 26 02 00 00 70 17 00 00 B8 0B 00 00
90 01 00 00 84 03 00 00 0F 27 00 00 88 13 00 00
E0 2E 00 00 00 00 00 00 00 00 00 00 00 00 00 00
E0 2E 00 00 19 00 00 00 7C 15 00 00 B8 0B 00 00
00 00 00 00 0F 00 00 00 B8 0B 00 00 00 00 00 00
00 00 00 00 00 00 00 00 00 00 00 00 F4 01 96 00
0A 00 50 00 20 03 48 00 C8 00 00 00 03 00 06 00
16 00 0A 00 00 00 00 00 00 00 E1 00 00 02 E8 03
01 00 02 00 E8 03 2C 01 20 00 06 00 40 1F A0 0F
2C 01 90 01 DC 05 FF 00 C8 00 F4 01 0A 00 E0 2E
20 00 90 01 E8 03 80 00 70 17 00 00 10 27 E8 03
28 00 00 00 E8 03 E8 03 00 00 14 00 C8 00 F4 01
00 00 00 00 64 00 00 00 00 00 00 00 00 00 00 00
01 01 01 01 00 80 00 80 01 01 00 00 01 1E 00 00
01 00 00 01 00 00 00 01 00 00 00 00 00 00 00 00
00 80 00 00 FF 00 00 00 00 00 00 00 00 00 00 00
00 00 00 00 00 00 00 00 00 00 00 00
